1.436783268474315506e-02
1.270139676993750459e-02
1.538025032928001107e-02
1.175491089450981554e-02
1.460797956217115695e-02
1.475847949144882057e-02
1.764028971875270316e-02
1.452363707684284355e-02
1.516596774099219364e-02
1.424111690791821094e-02
1.204471441385381383e-02
1.110672204658771402e-02
1.437649029371286351e-02
1.393377208676897447e-02
1.390399209036613515e-02
1.495562738611663257e-02
1.216971696399561306e-02
1.394587909978886250e-02
1.536652477360565643e-02
1.115127051173880370e-02
1.646710962022771008e-02
1.447688693883039668e-02
1.393289673149165214e-02
1.624608435915159479e-02
1.468800293800763546e-02
1.562559167043200276e-02
1.527011447122549048e-02
1.140649262782292631e-02
1.204192521459495832e-02
1.329992701425988105e-02
1.326630347801154193e-02
1.438344278843940033e-02
1.426212377257466725e-02
1.377073816942497517e-02
1.386265006661643179e-02
1.498466091130380012e-02
1.370039096877858145e-02
1.433656217960525836e-02
1.426105007035297599e-02
1.443344755999527960e-02
1.246446164497449355e-02
1.758794190141581282e-02
1.262694458834793566e-02
1.373425185842837987e-02
1.515324947526004544e-02
1.539453130499214561e-02
1.356298962845463654e-02
1.387055980904097069e-02
1.023731535823149512e-02
1.455931439470786390e-02
1.501549445427020901e-02
1.549506465963259791e-02
1.327490168249821287e-02
1.695418324177750888e-02
1.501109709302414844e-02
1.348246584227892446e-02
1.439987333696106896e-02
1.299119590772720989e-02
1.156935453550267043e-02
1.538292721418025623e-02
1.485867997436541438e-02
1.380267827596637006e-02
1.182856777764093766e-02
1.163270534033676064e-02
1.312866935122003476e-02
1.331916203277038087e-02
1.439664423866376247e-02
1.488478984584209325e-02
1.384884841802289449e-02
1.373459514674105902e-02
1.600280319159650896e-02
1.486261994152373103e-02
1.454146365085615469e-02
1.333716337555134954e-02
1.127297654490497757e-02
1.402458369310170816e-02
1.524327422733820492e-02
1.171450918394489719e-02
1.455927211879580289e-02
1.534741246733622305e-02
1.239630932793582205e-02
1.251034473285395077e-02
1.296372578065159431e-02
1.276982446852891959e-02
1.629765288942046017e-02
1.353929116316529048e-02
1.569624978996738210e-02
1.453355657855785396e-02
1.087040704894973175e-02
1.557189096555494472e-02
1.676834461623766259e-02
1.394918837493772275e-02
1.341340345667949192e-02
1.217995198419646527e-02
1.395264187954813571e-02
1.356335122111059464e-02
1.701698685574754358e-02
1.728267511380163213e-02
1.326374736414834971e-02
1.805360764828246867e-02
