0.000000000000000000e+00
0.000000000000000000e+00
0.000000000000000000e+00
0.000000000000000000e+00
0.000000000000000000e+00
0.000000000000000000e+00
0.000000000000000000e+00
0.000000000000000000e+00
0.000000000000000000e+00
0.000000000000000000e+00
0.000000000000000000e+00
0.000000000000000000e+00
0.000000000000000000e+00
0.000000000000000000e+00
0.000000000000000000e+00
0.000000000000000000e+00
0.000000000000000000e+00
0.000000000000000000e+00
0.000000000000000000e+00
0.000000000000000000e+00
0.000000000000000000e+00
0.000000000000000000e+00
0.000000000000000000e+00
0.000000000000000000e+00
0.000000000000000000e+00
0.000000000000000000e+00
0.000000000000000000e+00
0.000000000000000000e+00
0.000000000000000000e+00
0.000000000000000000e+00
0.000000000000000000e+00
0.000000000000000000e+00
0.000000000000000000e+00
0.000000000000000000e+00
0.000000000000000000e+00
0.000000000000000000e+00
0.000000000000000000e+00
0.000000000000000000e+00
0.000000000000000000e+00
0.000000000000000000e+00
0.000000000000000000e+00
0.000000000000000000e+00
0.000000000000000000e+00
0.000000000000000000e+00
0.000000000000000000e+00
0.000000000000000000e+00
0.000000000000000000e+00
0.000000000000000000e+00
0.000000000000000000e+00
0.000000000000000000e+00
0.000000000000000000e+00
0.000000000000000000e+00
0.000000000000000000e+00
0.000000000000000000e+00
0.000000000000000000e+00
0.000000000000000000e+00
0.000000000000000000e+00
0.000000000000000000e+00
0.000000000000000000e+00
0.000000000000000000e+00
0.000000000000000000e+00
0.000000000000000000e+00
0.000000000000000000e+00
0.000000000000000000e+00
0.000000000000000000e+00
0.000000000000000000e+00
0.000000000000000000e+00
0.000000000000000000e+00
0.000000000000000000e+00
0.000000000000000000e+00
0.000000000000000000e+00
0.000000000000000000e+00
0.000000000000000000e+00
0.000000000000000000e+00
0.000000000000000000e+00
0.000000000000000000e+00
0.000000000000000000e+00
0.000000000000000000e+00
0.000000000000000000e+00
0.000000000000000000e+00
0.000000000000000000e+00
0.000000000000000000e+00
0.000000000000000000e+00
0.000000000000000000e+00
0.000000000000000000e+00
0.000000000000000000e+00
0.000000000000000000e+00
0.000000000000000000e+00
0.000000000000000000e+00
0.000000000000000000e+00
0.000000000000000000e+00
0.000000000000000000e+00
0.000000000000000000e+00
0.000000000000000000e+00
0.000000000000000000e+00
0.000000000000000000e+00
0.000000000000000000e+00
0.000000000000000000e+00
0.000000000000000000e+00
0.000000000000000000e+00
0.000000000000000000e+00
0.000000000000000000e+00
0.000000000000000000e+00
0.000000000000000000e+00
0.000000000000000000e+00
0.000000000000000000e+00
0.000000000000000000e+00
0.000000000000000000e+00
0.000000000000000000e+00
0.000000000000000000e+00
0.000000000000000000e+00
0.000000000000000000e+00
0.000000000000000000e+00
0.000000000000000000e+00
0.000000000000000000e+00
0.000000000000000000e+00
0.000000000000000000e+00
0.000000000000000000e+00
0.000000000000000000e+00
0.000000000000000000e+00
0.000000000000000000e+00
0.000000000000000000e+00
0.000000000000000000e+00
0.000000000000000000e+00
0.000000000000000000e+00
0.000000000000000000e+00
0.000000000000000000e+00
0.000000000000000000e+00
0.000000000000000000e+00
0.000000000000000000e+00
0.000000000000000000e+00
0.000000000000000000e+00
0.000000000000000000e+00
0.000000000000000000e+00
0.000000000000000000e+00
0.000000000000000000e+00
0.000000000000000000e+00
0.000000000000000000e+00
0.000000000000000000e+00
0.000000000000000000e+00
0.000000000000000000e+00
0.000000000000000000e+00
0.000000000000000000e+00
0.000000000000000000e+00
0.000000000000000000e+00
0.000000000000000000e+00
0.000000000000000000e+00
0.000000000000000000e+00
0.000000000000000000e+00
0.000000000000000000e+00
0.000000000000000000e+00
0.000000000000000000e+00
0.000000000000000000e+00
0.000000000000000000e+00
0.000000000000000000e+00
0.000000000000000000e+00
0.000000000000000000e+00
0.000000000000000000e+00
0.000000000000000000e+00
0.000000000000000000e+00
0.000000000000000000e+00
0.000000000000000000e+00
0.000000000000000000e+00
0.000000000000000000e+00
0.000000000000000000e+00
0.000000000000000000e+00
0.000000000000000000e+00
0.000000000000000000e+00
0.000000000000000000e+00
0.000000000000000000e+00
0.000000000000000000e+00
0.000000000000000000e+00
0.000000000000000000e+00
0.000000000000000000e+00
0.000000000000000000e+00
0.000000000000000000e+00
0.000000000000000000e+00
0.000000000000000000e+00
0.000000000000000000e+00
0.000000000000000000e+00
4.287812608033079731e-01
4.822444132534590144e-01
4.903041242803586885e-01
4.674476750781980106e-01
4.681589767394807589e-01
5.006880094713406226e-01
4.244128524157846361e-01
6.365252300757471282e-01
4.546430990494602087e-01
6.291017354422490104e-01
6.375938240368825838e-01
7.233763730516467039e-01
3.976718765019487956e-01
1.068998770655981811e+00
4.110460975967490937e-01
4.767152970566894132e-01
4.605247559757650322e-01
4.660196993868036541e-01
3.972367420189585330e-01
6.524012754129188130e-01
5.873421697432900102e-01
4.443127534198383355e-01
5.625131779986665137e-01
4.405540830283461995e-01
7.044139620348129904e-01
5.434044488252746108e-01
3.497098736891897652e-01
8.008562764925747368e-01
5.285252644468115824e-01
4.094526267037332246e-01
7.097059918187083039e-01
7.933592800137274637e-01
6.712824127382666095e-01
7.751504542586595825e-01
7.049701487533014399e-01
7.452452282688685203e-01
5.438802244461675706e-01
3.586437201914876582e-01
5.739905113409494719e-01
7.060304946308508800e-01
4.127269910802092712e-01
6.037879274940569641e-01
5.878197119548376204e-01
7.829985506582102239e-01
6.522856219738503158e-01
8.183723282035968438e-01
6.422925436219690809e-01
8.291475490920884317e-01
9.326805904981256834e-01
8.079898044563597059e-01
5.194230139523993151e-01
5.705592381996532625e-01
4.488188915519691347e-01
5.545924979143798117e-01
9.029391010269276485e-01
6.393464251441487445e-01
7.716150489810632562e-01
8.685128468620431086e-01
5.675643681547694053e-01
3.528837110740084548e-01
8.458874989812822376e-01
5.092209437054625587e-01
4.400784900106810560e-01
7.166736802171310705e-01
7.087169486927037410e-01
5.481981218918423604e-01
8.854130536791967598e-01
4.383215287427100759e-01
4.659765856542310569e-01
4.025782944858055101e-01
4.383322644006086288e-01
4.214284414172309590e-01
8.513239464360990993e-01
7.544935065183435707e-01
5.393135804424127322e-01
4.957187347842418879e-01
4.647922526426244705e-01
5.914650252763739013e-01
8.151835875961718214e-01
7.838526491371287097e-01
5.963968671657388088e-01
5.413156153840188445e-01
4.666739548951357452e-01
6.002839328673740260e-01
6.677527370316298505e-01
6.568764311618108254e-01
5.090130854851165898e-01
5.067911526443487080e-01
5.611757637029168855e-01
3.472543111838751195e-01
4.755101321137898962e-01
5.549785554431219126e-01
4.070071755827810445e-01
6.987010451396948874e-01
7.999895474062225231e-01
7.541993642236508588e-01
9.432586778250080517e-01
5.786962764369153467e-01
5.571436446011573951e-01
5.457357450578395053e-01
4.554301093934881028e-01
5.326648573626715510e-01
5.805014582050651573e-01
3.799180294800478808e-01
4.757765062955690571e-01
8.125587520793164931e-01
5.284029445724335305e-01
4.879632430581589686e-01
5.752108962588122765e-01
1.797441023320921705e+00
4.953954556403903364e-01
1.198286130172715014e+00
4.050038970326403920e-01
4.446339855439653821e-01
4.170283553246857955e-01
5.852506840832437662e-01
7.108097291831270148e-01
7.901012174682362499e-01
7.305754614197891295e-01
6.381890265977709920e-01
5.977605550508421350e-01
4.649547284497885791e-01
3.956933319037189145e-01
4.653123411066946158e-01
4.216078414538120822e-01
4.968397114440790685e-01
3.906008349741603713e-01
3.459085944058865048e-01
4.257841124952633227e-01
4.151111112487850807e-01
6.717905661979937104e-01
3.907484316337532237e-01
3.427675974517044311e-01
3.696352818057254686e-01
4.476216427756272709e-01
3.164090233802597241e-01
4.629873049627769577e-01
4.662018362341651123e-01
8.413028635489656626e-01
7.769607629543198168e-01
5.190504874507039235e-01
5.621812297546956438e-01
4.688970771983164698e-01
6.767918767406886360e-01
5.535166062678459342e-01
4.609838073106833911e-01
4.797711586006582762e-01
7.062581684522390990e-01
5.956352507157518517e-01
9.505011634651903130e-01
4.742796470570632139e-01
4.350760791348294854e-01
6.053991038276337333e-01
3.964795291003704869e-01
3.349849917070915617e-01
7.010407877096316298e-01
4.712869680925188542e-01
5.094014490034871612e-01
5.814820790683871143e-01
4.592938406600245438e-01
5.909681102509248829e-01
4.944633566424705418e-01
4.112746813316502936e-01
7.041232190239599120e-01
6.905780203887268431e-01
6.429320052653496598e-01
6.765899058869973004e-01
5.788684719740879725e-01
4.023803530188033162e-01
5.718343031099976104e-01
5.365249754874652499e-01
6.640417014681004870e-01
5.719195202814003620e-01
4.154771431433079698e-01
4.452794758835190714e-01
3.571451684992863473e-01
2.846197745515475219e-01
6.490875785667493680e-01
4.213720455186690805e-01
8.839218719051160633e-01
