1.423769999999999980e+00
1.236529999999999907e+00
-1.400289999999999868e-01
-3.919750000000000179e-01
-3.155899999999999928e+00
-2.063260000000000094e-01
1.726660000000000084e+00
1.237009999999999943e+00
2.422610000000000041e-01
8.246820000000000261e-01
2.732460000000000111e+00
-1.733789999999999942e+00
-4.658320000000000238e-01
2.971200000000000063e+00
-5.686069999999999736e-01
1.470079999999999998e-01
2.557190000000000157e-02
-6.500839999999999397e-02
-1.925750000000000073e+00
1.556240000000000123e-01
-1.867510000000000003e+00
5.054269999999999596e-01
-3.685309999999999975e-02
-1.373760000000000092e+00
8.697350000000000358e-01
-1.589920000000000000e+00
3.787170000000000258e-01
4.113760000000000194e-01
1.850090000000000068e-01
3.391640000000000210e+00
-2.084690000000000154e+00
2.911579999999999724e-01
-4.017330000000000290e+00
-1.341529999999999889e+00
-9.432500000000000329e-01
2.632369999999999877e+00
-1.446560000000000068e-01
-8.424599999999999866e-01
3.637279999999999958e-01
1.893310000000000048e+00
5.458389999999999631e-01
-3.762290000000000134e+00
-1.714760000000000062e+00
-2.888500000000000068e+00
3.963269999999999849e-01
-1.306400000000000061e-01
-2.670459999999999834e+00
2.757160000000000166e-01
2.701299999999999882e-02
2.246599999999999986e-01
2.607000000000000206e+00
1.258539999999999992e+00
-9.674570000000000114e-01
-8.153049999999999464e-01
1.812920000000000087e+00
-2.463380000000000014e-01
-3.079259999999999775e-01
-9.556729999999999947e-01
-1.371839999999999948e+00
5.356490000000000418e-01
-9.362359999999999571e-01
3.699560000000000071e-01
2.699089999999999989e+00
2.116389999999999993e+00
-6.632719999999999727e-01
8.379029999999999812e-02
-2.562949999999999839e+00
1.781449999999999978e+00
-1.011749999999999927e+00
7.035400000000000542e-01
7.167090000000000405e-01
-1.460949999999999971e+00
-2.742669999999999941e+00
-1.946870000000000100e+00
1.387199999999999989e+00
3.427580000000000071e-01
-1.346379999999999910e+00
-5.605620000000000047e+00
2.497819999999999929e+00
-4.378070000000000128e+00
-2.750770000000000159e+00
2.935590000000000144e-01
-3.083049999999999957e-01
2.986520000000000147e-02
8.201100000000000056e-01
-2.844650000000000123e+00
2.240380000000000038e+00
-1.071180000000000021e+00
-9.522049999999999681e-01
9.443289999999999740e-01
-5.188040000000000429e-01
1.888789999999999969e+00
-1.987190000000000012e+00
-2.332420000000000049e-01
-7.772559999999999469e-01
3.058870000000000200e-01
2.940620000000000012e+00
2.411049999999999915e+00
6.262159999999999949e-01
-6.015620000000000411e-01
