5.122662014608071468e-01
5.232637327424254359e-01
4.362536600204610093e-01
7.105892924248322640e-01
6.584767802654680757e-01
4.099911965129869884e-01
4.513857771975989808e-01
7.416663739104341069e-01
7.958258761342630327e-01
7.303860742100138914e-01
6.421257369538131421e-01
7.214516414189379168e-01
9.133497600091439184e-01
5.484596362201437092e-01
6.951029732206374101e-01
4.754692045384724675e-01
6.730417841289946246e-01
5.726348086450142594e-01
5.821959306547969115e-01
7.058609500051000740e-01
6.668429372250831433e-01
5.694806073769753674e-01
5.198852234583501986e-01
4.200116890932736879e-01
5.979301755128435536e-01
5.734777887506486982e-01
5.934297770076831791e-01
6.093787200991971353e-01
4.895480211185426755e-01
7.215456610030089868e-01
5.387388259361223231e-01
6.272000589743397247e-01
8.156265735456896815e-01
9.248556476513276614e-01
7.249996572641623782e-01
4.317791424540626810e-01
6.036651394742764687e-01
4.260515302539244487e-01
5.586376119439169230e-01
5.039808242931795856e-01
4.236474676261337557e-01
6.050798473117963150e-01
4.895944574170164598e-01
3.856854418600041412e-01
3.992198641264331216e-01
3.792409714121144360e-01
6.767687031807174680e-01
5.240702460457261624e-01
3.351202686089012617e-01
4.231599436429185346e-01
4.498449543978480514e-01
5.090820072915190897e-01
4.584797609602263568e-01
5.114167019831418193e-01
4.079044383050943745e-01
4.708244229718097640e-01
3.542872974730167934e-01
7.014128932982863773e-01
6.514561324103658180e-01
5.606612965506023727e-01
4.076671803273661521e-01
7.204569957305388961e-01
8.286170893232746026e-01
6.828950599163785551e-01
6.309984303893680924e-01
5.921315119056393961e-01
8.174035807074959692e-01
4.347121599740264575e-01
5.704208982580185605e-01
7.127573774432788278e-01
7.065505503514312169e-01
7.759068970972388124e-01
4.851330115307668223e-01
4.055030561527900312e-01
4.363454619711950033e-01
5.437912504705313399e-01
5.388871146348552799e-01
5.172512751114414220e-01
5.457381998576347204e-01
5.701195218591502689e-01
5.724519794022487895e-01
6.193848575142969493e-01
1.565631194150850947e+00
5.670148412445095154e-01
1.089376678194681425e+00
7.106630571029305399e-01
6.920887102260327994e-01
1.131758874270693438e+00
4.523618994794870729e-01
9.105001610040308613e-01
8.406958194909293081e-01
8.817894399836946340e-01
6.398731721682968665e-01
7.811486449925714171e-01
3.815217607779985975e-01
4.807109224772496137e-01
3.555070894877503385e-01
5.487923665835394704e-01
6.485134818634312737e-01
5.839343515822542630e-01
6.040010899499067554e-01
4.443997395417303431e-01
4.209436492750257552e-01
4.184704631640854822e-01
4.682986039309512405e-01
