-3.324619999999999909e+00
-5.803410000000000402e+00
3.416580000000000311e-02
-1.357900000000000107e+00
-3.855550000000000033e+00
-5.413429999999999964e+00
-1.887070000000000136e-01
-4.489659999999999762e+00
-3.664750000000000174e+00
-1.799209999999999976e+00
-6.081990000000000229e+00
5.154600000000000293e-01
3.183990000000000098e+00
-5.645050000000000345e+00
1.866200000000000081e+00
-1.456849999999999978e+00
8.687000000000000277e-02
-1.774229999999999904e-02
-2.039229999999999876e+00
-1.667920000000000069e+00
-3.663019999999999943e+00
-4.146939999999999849e+00
-7.327110000000000234e+00
-5.551150000000000251e-01
-8.287330000000000751e+00
-4.017699999999999605e+00
8.730440000000000422e-01
-3.259949999999999903e+00
-1.061269999999999991e-01
-7.517279999999999518e-01
-2.515150000000000219e+00
-9.788900000000000379e-01
-1.119320000000000093e+00
9.094050000000000189e-01
-3.094710000000000072e+00
-2.731279999999999930e+00
6.026970000000000383e-01
-3.907029999999999781e+00
-2.311589999999999812e+00
-8.255710000000000548e-01
-2.764040000000000052e+00
-9.216830000000000300e-01
-6.143069999999999808e+00
-1.676870000000000083e+00
-1.446669999999999900e+00
-3.196930000000000049e+00
-4.586890000000000356e+00
-1.124589999999999979e+00
4.151989999999999847e-02
-3.337870000000000115e+00
2.093119999999999870e+00
-4.535739999999999661e+00
-1.720480000000000009e+00
-8.597970000000000113e+00
7.137649999999999828e-01
-1.025519999999999987e+00
-5.640779999999999683e-01
-1.790450000000000097e+00
1.104139999999999899e+00
3.095269999999999966e-01
-2.557389999999999830e+00
4.790479999999999627e+00
-5.451600000000000001e+00
-4.937999999999999723e+00
8.871409999999999574e-01
-1.084319999999999951e+00
-8.861950000000000216e+00
-3.942720000000000002e+00
-3.147470000000000212e+00
-5.381409999999999805e+00
-6.674900000000000055e+00
-3.645630000000000148e+00
-1.800219999999999931e+00
-3.992509999999999781e+00
1.515020000000000033e+00
4.508560000000000123e+00
-2.690799999999999859e+00
-1.139480000000000048e+00
-2.570289999999999964e+00
-4.196080000000000254e+00
7.442719999999999891e-02
-8.588970000000000216e-01
-1.993989999999999929e+00
1.171559999999999935e+00
3.057129999999999903e+00
1.807879999999999932e+00
-9.799250000000000460e-01
-6.165680000000000049e+00
-3.128940000000000055e+00
-2.393650000000000055e+00
-8.708669999999999689e+00
-7.007229999999999848e+00
-1.635429999999999939e+00
-2.159800000000000164e+00
-1.324820000000000109e+00
-7.529700000000000060e+00
2.096449999999999980e-01
7.539979999999999460e-01
-1.691519999999999913e+00
-3.001250000000000195e+00
