-7.374889999999999501e-01
-1.744629999999999903e+00
4.396249999999999880e-01
1.567720000000000002e+00
2.470439999999999969e+00
5.850490000000000412e-01
1.318109999999999893e+00
-1.085299999999999931e+00
-1.083509999999999973e+00
8.441210000000000102e-01
-3.242340000000000000e+00
-1.149040000000000061e+00
-3.333260000000000112e-01
-9.749330000000000496e-01
-1.161869999999999958e+00
-2.069110000000000116e-01
5.547260000000000524e-01
1.568240000000000078e+00
-1.945950000000000069e+00
-1.743639999999999912e-01
1.324419999999999931e+00
5.220099999999999740e-01
1.159489999999999910e+00
-5.096739999999999604e-01
-2.625169999999999781e+00
-4.199829999999999952e-01
-1.225510000000000099e+00
1.243079999999999963e+00
-2.760040000000000271e-01
-1.361760000000000081e+00
4.676520000000000121e-01
5.025060000000000082e-01
2.663440000000000030e+00
9.603220000000000089e-01
-1.895969999999999933e+00
-2.997570000000000068e+00
-1.972639999999999949e+00
-3.245179999999999954e+00
-1.707840000000000025e+00
8.540480000000000294e-01
7.921449999999999880e-01
1.206520000000000037e+00
-1.887109999999999899e-01
1.128609999999999891e+00
-1.056619999999999893e+00
1.869229999999999947e+00
-1.674749999999999961e+00
-6.320670000000000455e-02
-1.352510000000000101e+00
-1.050710000000000033e+00
1.120560000000000000e+00
4.620540000000000203e-01
-8.268020000000000369e-01
-2.491740000000000066e-01
-1.923880000000000035e+00
-2.160060000000000036e-01
5.470289999999999875e-01
-3.743520000000000181e-01
-1.062449999999999894e+00
-4.207850000000000201e-01
-8.395690000000000097e-01
7.512410000000000476e-01
-3.909520000000000217e-01
-2.348969999999999947e-01
1.470250000000000057e+00
2.923910000000000120e-01
-6.625250000000000306e-01
-6.578460000000000418e-01
-6.636239999999999917e-01
-1.707379999999999898e+00
-1.020580000000000043e+00
-2.301930000000000032e+00
-8.777340000000000142e-01
-4.924479999999999968e-01
3.520490000000000008e-01
-2.812240000000000073e+00
-4.266530000000000045e-01
-6.616049999999999986e-01
4.716620000000000257e-01
-2.658869999999999845e-01
-1.583120000000000083e+00
-3.361290000000000111e-01
-2.540649999999999853e+00
4.666520000000000112e-01
1.052629999999999955e+00
1.774110000000000131e-01
-1.418600000000000139e-01
-2.127180000000000071e+00
-1.599679999999999991e+00
1.073139999999999983e+00
1.006089999999999929e+00
-2.498009999999999842e+00
2.788019999999999943e-01
-1.096810000000000063e+00
-9.807209999999999539e-01
1.795339999999999936e+00
-5.363200000000000189e-01
1.834739999999999982e-01
-1.434299999999999908e+00
2.167940000000000200e+00
