-2.733122994287025265e-03
-2.266727674046049509e-04
-3.209019166507882589e-03
-1.916277316480791745e-03
-3.077291183983513548e-03
-1.905270583461931904e-03
-2.869344854203242229e-03
-1.539230495072708895e-03
-1.386432708312926049e-03
3.068522169982802208e-04
-3.758490494446902440e-04
-1.098494558506874202e-03
-1.317795437277915777e-03
-7.338594603589765342e-04
-2.687509668980718296e-03
-2.341751051048860440e-03
-2.812315612500762476e-03
-1.904979251167844990e-03
-2.500697376392111131e-03
-1.503703974755713543e-03
-3.658704052851262031e-03
-1.785935762239227679e-03
-1.581022170432422151e-03
-1.833798020018327472e-03
-3.000893683352277895e-04
-1.690035813127706982e-03
-2.532596915441017067e-03
-1.451923967330872667e-03
-1.751355086611981055e-03
-1.774853857981472608e-03
-2.766859026985225671e-03
-2.145149490128773345e-03
-3.935799503394671675e-03
-2.322697223236707634e-03
-2.931353529778539437e-03
-8.212569900665847317e-04
-2.913425565454650420e-03
-2.603583641590457437e-03
-1.413509110426740961e-03
-1.746465341961924269e-03
-1.709787141006630139e-03
-3.327780391215577529e-03
-9.552321412377301479e-04
-4.903976950793411879e-03
-1.105955676444790418e-03
-1.773365500550805069e-03
-1.711758946573466384e-03
-2.550140312019879771e-03
-9.897902717626880318e-04
-1.790412460792144365e-03
-1.667008804022570515e-04
-2.700100358162730793e-03
-2.055343561950659891e-03
-1.840886737043442032e-03
-3.566995508120078019e-04
-1.234737093761183570e-03
-1.803977474708600998e-03
-1.708386105124646724e-03
-1.132395403773533505e-03
-1.745519046510562175e-03
-2.340050230122201012e-03
-6.781657960112170069e-04
-4.446907899006876915e-04
-5.427597637737984100e-04
-2.076285723399659815e-03
-2.812431696687755448e-03
-2.409487878353287760e-03
-7.881726291803505761e-04
-2.244076596787182402e-03
-4.788263392166741857e-04
-2.030819266331849050e-03
-1.346052799242313750e-03
-2.317740445947592213e-03
-2.152072717581506468e-03
-1.009930591231313936e-03
-8.904320271782952337e-04
-1.384571949164243752e-03
-2.747303025777172482e-03
-6.623698434032557637e-04
-2.292439085459868197e-03
-3.303143801904845616e-03
-1.152436556128740887e-03
-4.026587289615633867e-04
-1.746980235715518692e-03
-1.651585327275819628e-03
-1.906057350046075740e-03
-1.103069753260710242e-03
-2.378477010349015416e-03
-1.548655379214935405e-03
-1.758885678564244470e-03
-1.715188406054053531e-03
-1.312088649910554943e-03
-2.981550385386214606e-03
-1.212003848636846034e-03
-1.368491727343663271e-03
-2.322459588530786413e-03
-1.834405053891998176e-03
7.580632096293154348e-04
-1.438194673640206178e-03
-1.328380872335448767e-03
