-9.772486864506844950e-04
-1.910708958044575207e-03
-3.147331816448796765e-04
-1.449908296520464402e-03
-6.645563948713242896e-04
-3.929951363795454477e-04
4.535421947877394614e-04
-1.189744131389283742e-03
-6.558352649154400738e-04
-6.943582483662488541e-04
-1.059339273758740790e-03
-2.442066300851529026e-04
6.395194745142517446e-04
-5.790333338556350427e-04
-8.087402676492768316e-04
-3.270040427040550157e-04
-8.392524592805543100e-04
4.232212694535850877e-04
-6.885101036299580554e-04
1.729612929855772188e-04
-3.628889589445327343e-04
-4.700125076826837736e-04
-1.681835626718225724e-03
-4.529811714898907340e-04
-5.876248133907532130e-04
-8.940725997262227720e-04
3.772397589544436956e-04
-1.217176766729244266e-03
-2.900705413529401427e-04
-1.427966021362167483e-04
-2.545983783857830242e-04
5.743216670530353453e-04
-9.427193398447077793e-04
2.149117532142654570e-04
-4.531393987646539735e-04
-4.218877119395594106e-04
-1.911783798168325719e-05
-8.779863205052398402e-04
-8.053119995794958503e-04
-4.490287419336782019e-04
6.201447233534910283e-04
-4.414555661031932337e-04
-9.248033399193379862e-04
-3.522138176989797454e-04
-5.076357895341663314e-04
-8.638984440563063621e-04
-2.645673195883423926e-04
-2.932382228780402696e-04
-2.806298551253937393e-04
-1.939294290170397953e-04
1.461128294281418909e-04
-1.544127603937223646e-04
-2.186549660287967077e-04
-8.970736093742953492e-04
2.536094636179334495e-04
-1.329497272628728851e-03
-9.362964230556778192e-04
-4.631749592044763801e-04
5.894313940505797791e-04
2.749146481315620553e-04
-5.192491605119968706e-04
2.610936103625802500e-04
-1.305060068243918360e-03
-4.202598227107491114e-04
3.742127969214707772e-04
-7.445852806154951153e-04
-1.216689163531715044e-03
7.633487764687272973e-05
-1.131781827600775560e-03
-8.418230878244961635e-04
-7.597768837942155302e-04
4.507800546971949787e-04
-9.844826719981707164e-06
-1.047867136346981518e-03
-3.011413008795258252e-04
-4.129544249700771311e-04
-3.865187779692256902e-04
-9.664628768329274096e-04
-5.107070235260090501e-04
-5.874366448168061696e-04
-4.466850763191858851e-04
-5.440062848788416354e-04
-4.668138823759404392e-04
-8.242866449943828024e-04
-1.686449133342116124e-04
-2.922114514977436090e-04
4.457212199498342218e-04
-9.974722721449492697e-04
-7.573294119978579752e-04
-1.945670963290417306e-04
-1.684013230558781314e-03
-9.207263850348572625e-04
-5.530690917390172073e-04
-1.296637023925662239e-04
-3.063134960603935064e-04
-1.059034511148111398e-03
-4.917906748475727677e-04
8.068551281839749217e-04
-4.176123588532250071e-04
1.720478660746108330e-04
