9.374230000000000729e+00
4.291970000000000063e+00
2.034980000000000011e+00
1.461419999999999941e+00
8.770789999999999864e+00
5.527160000000000295e+00
6.355620000000000047e+00
9.718629999999999214e+00
6.054299999999999571e+00
3.435099999999999820e+00
4.662650000000000183e+00
4.298440000000000261e+00
7.772569999999999979e+00
6.758569999999999744e+00
8.079729999999999634e+00
9.924350000000000449e+00
1.099540000000000006e+01
4.186449999999999783e+00
9.909779999999999589e+00
9.187079999999999691e-01
1.065949999999999953e+01
9.235879999999999868e+00
1.120670000000000055e+00
9.199870000000000658e+00
5.979560000000000208e+00
9.451969999999999317e+00
7.527669999999999639e+00
2.603310000000000013e+00
-6.853939999999999477e-01
9.731460000000000221e+00
2.227700000000000014e+00
5.607649999999999579e+00
4.893030000000000435e+00
3.263199999999999878e+00
1.090279999999999916e+01
5.244760000000000311e+00
4.820829999999999949e+00
9.967129999999999157e+00
8.042989999999999640e+00
9.031489999999999796e+00
3.891649999999999832e+00
1.078359999999999985e+01
5.516680000000000028e+00
7.777549999999999741e+00
7.998479999999999812e+00
8.603519999999999612e+00
6.205720000000000347e+00
3.981679999999999886e+00
4.255349999999999966e+00
7.004209999999999603e+00
7.380460000000000242e+00
8.497579999999999245e+00
8.478600000000000136e+00
1.078449999999999953e+01
6.377169999999999561e+00
6.784029999999999561e+00
4.573199999999999932e+00
8.874259999999999593e+00
4.616979999999999862e+00
8.556070000000000064e+00
7.456599999999999895e+00
1.022540000000000049e+01
6.412569999999999659e+00
4.458649999999999558e+00
3.452820000000000000e+00
1.108350000000000080e+01
9.442550000000000665e+00
6.165790000000000326e+00
4.705779999999999852e+00
5.644399999999999938e-03
6.912349999999999994e+00
3.020319999999999894e+00
6.912090000000000067e+00
8.851599999999999469e+00
5.471490000000000187e+00
2.789140000000000175e+00
7.788240000000000052e+00
1.177059999999999995e+00
6.031760000000000232e+00
6.463390000000000413e+00
2.954050000000000065e+00
7.054149999999999920e+00
9.345969999999999445e+00
1.756979999999999986e+00
8.531040000000000845e+00
8.268840000000000856e+00
4.259839999999999627e+00
5.682549999999999990e+00
3.871999999999999886e-01
8.620850000000000790e+00
1.093309999999999960e+01
8.118880000000000763e+00
3.550819999999999865e+00
3.276899999999999924e+00
7.310369999999999813e+00
6.313780000000000392e+00
9.279289999999999594e+00
9.710140000000000882e+00
2.240870000000000140e+00
1.098380000000000045e+01
