9.687142117099145633e-01 9.875867505763465948e-01
9.699292788547300148e-01 9.938393027977212579e-01
9.628760183130664618e-01 9.932486035401231206e-01
9.603076789153520698e-01 9.905148288324785444e-01
9.628760183130664618e-01 9.929751271691773518e-01
9.512731653981868485e-01 9.934598588138868758e-01
9.618820280420590230e-01 9.886616255093459982e-01
9.354526713745557887e-01 9.862388862418048907e-01
9.571895554220193336e-01 9.915954168684003589e-01
9.587682310854187540e-01 9.933075872199262912e-01
9.577224527544349053e-01 9.900816956291533799e-01
9.607654386194310892e-01 9.909033137607503594e-01
9.498228644571456991e-01 9.887795833814853053e-01
9.587682310854187540e-01 9.920052367660536774e-01
9.607654386194310892e-01 9.836739170167150270e-01
9.465746509102030970e-01 9.904515716961057592e-01
9.596936486211643524e-01 9.921991105667774535e-01
9.618820280420589119e-01 9.879360058245036935e-01
9.202817047118492244e-01 9.903841267024514616e-01
9.575135395359983814e-01 9.918778468891757960e-01
9.596936486211643524e-01 9.912922485448012466e-01
9.603076789153519588e-01 9.859217516598532960e-01
9.608069741306382028e-01 9.892983425032654266e-01
9.577224527544349053e-01 9.893702270012871836e-01
9.455413763025007912e-01 9.881018713689244670e-01
9.699292788547300148e-01 9.929131371160239139e-01
9.575135395359983814e-01 9.932013015259321120e-01
9.597619371155750034e-01 9.899755467457718172e-01
9.448074089350306792e-01 9.912403273788940039e-01
9.512214419423645761e-01 9.868275311284575579e-01
9.499356530986809988e-01 9.906683240390573575e-01
9.501574774200214346e-01 9.883601624307924993e-01
9.687142117099144523e-01 9.935243691030140045e-01
9.470889783935844131e-01 9.919293827750113035e-01
9.608069741306380918e-01 9.918288513163684428e-01
9.602818166285305157e-01 9.907581030347759610e-01
9.567956084690302232e-01 9.939298590375135189e-01
9.602818166285305157e-01 9.933794757842674406e-01
9.533384983489723297e-01 9.905560024163858612e-01
9.571895554220194446e-01 9.902600670340495626e-01
9.442290514688647107e-01 9.924353404920368549e-01
9.597619371155750034e-01 9.914760155130689645e-01
9.465746509102030970e-01 9.691583874242731822e-01
9.533384983489723297e-01 9.917659994939753698e-01
