4.738907544932679516e-01
5.053251152050364237e-01
4.427782008600011365e-01
7.891681088565174473e-01
6.312969734418272250e-01
3.966918526893322139e-01
4.562837895239748032e-01
6.073454831477650417e-01
8.383221785389948222e-01
6.651100536104879168e-01
5.549951460370191603e-01
6.512548746043909098e-01
8.785257887238097085e-01
4.535099726309161361e-01
7.456433321691869898e-01
5.462884326263195423e-01
6.529187097978215171e-01
5.160257675986958947e-01
4.632590806759825375e-01
6.856759925074121798e-01
6.721695154055201682e-01
5.401731111940053509e-01
4.973498384291436536e-01
3.900104523728017414e-01
5.469256215150847256e-01
5.084947469950895638e-01
5.563669432885008925e-01
5.819082161453547064e-01
4.324712727104572108e-01
8.353900467088027915e-01
4.836106171983612367e-01
6.295175556700394193e-01
7.105542734244046921e-01
9.287886843872652509e-01
7.288864049789671729e-01
4.090007879239574984e-01
5.472162922167416177e-01
4.223772624164378597e-01
5.378032197637059308e-01
4.025148665590645436e-01
3.151096317934694024e-01
5.405235784499788920e-01
5.172566084847407542e-01
3.540483163922689691e-01
4.104900656692155869e-01
2.917484676945144573e-01
6.487399082645385340e-01
3.587538382550395366e-01
3.111442394564274960e-01
3.021334217833795965e-01
3.535162137123372683e-01
4.503614432291112024e-01
4.233431663076588358e-01
4.443931190236955486e-01
4.791597444027535513e-01
7.370310541134443838e-01
4.616823959400551125e-01
8.338337828830254539e-01
6.899768982384739680e-01
4.367135836187152065e-01
5.039731075750770728e-01
8.840850152432058184e-01
8.528112808799410693e-01
7.712568626421810736e-01
6.823662885467467465e-01
5.694430890630259867e-01
8.463350332025523226e-01
4.493982128944094545e-01
5.648313117212178103e-01
6.589188535880742270e-01
7.129615506234345812e-01
7.867179235135736137e-01
4.752785311800154511e-01
5.026645813651671180e-01
4.286462313645843514e-01
4.924555051310919862e-01
5.366530710002632709e-01
4.649874756004745979e-01
5.280973634779614345e-01
5.896805222681330561e-01
5.082447783104817596e-01
5.289156606165323904e-01
1.000000000000000000e+00
4.594647074703285816e-01
9.804540831404252588e-01
6.221476292450709433e-01
5.384640327124303738e-01
7.930888333651588962e-01
3.457884623397831092e-01
6.692143034039711447e-01
8.205555213753277233e-01
6.062590924463996389e-01
5.305281810925367436e-01
6.315590564604296464e-01
3.985278426657183348e-01
4.110870230306089557e-01
3.483101506183346463e-01
5.275685394680215134e-01
5.607741667885356440e-01
5.815962864088953799e-01
5.575757937880744253e-01
4.490502428148642200e-01
4.399408184696679824e-01
3.674556848838941292e-01
4.617112728511245101e-01
