-9.743889999999999496e-01
-9.810349999999999904e-01
-2.126000000000000112e-01
-2.567829999999999835e-01
-5.921720000000000317e-01
-1.708059999999999912e+00
-2.191050000000000164e+00
-3.055759999999999810e+00
-5.652519999999999767e-01
-1.034769999999999968e+00
1.643890000000000073e+00
3.822820000000000107e+00
4.763839999999999741e-01
-2.934289999999999843e+00
-1.739719999999999933e+00
1.445389999999999953e+00
1.867650000000000032e+00
7.248719999999999608e-01
-2.326319999999999943e+00
1.905020000000000047e-01
-3.672099999999999920e+00
3.109489999999999754e-01
-1.375839999999999952e+00
-5.854930000000000412e+00
4.212000000000000188e-01
-2.688460000000000072e+00
-3.479229999999999823e-01
5.186159999999999659e-01
-2.644940000000000069e-01
3.750339999999999785e-01
-4.585270000000000401e+00
-9.316980000000000262e-01
-8.939730000000000176e-01
1.862970000000000015e+00
-3.239850000000000119e+00
-4.141610000000000014e+00
2.020599999999999952e+00
-1.654170000000000085e-01
-2.200070000000000192e+00
3.554700000000000082e-01
3.644210000000000171e+00
-5.767890000000000406e+00
-7.766450000000000298e-01
1.657820000000000071e+00
-7.521830000000000460e-01
-1.980920000000000014e+00
-2.232730000000000103e+00
-1.609929999999999972e-01
-4.105590000000000073e-01
1.446970000000000089e+00
-4.416019999999999945e-01
-1.279209999999999958e+00
-2.351630000000000109e+00
2.349740000000000162e+00
7.931930000000000369e-01
4.127040000000000153e-01
-4.346350000000000158e+00
-1.530010000000000092e+00
-2.284320000000000128e+00
-2.705540000000000056e+00
-7.022450000000000081e-01
1.886810000000000098e+00
6.681899999999999507e-01
1.776950000000000029e+00
1.671660000000000090e-01
-1.880619999999999958e+00
-3.218840000000000146e+00
-5.744439999999999963e-02
-3.189599999999999991e+00
-1.326359999999999983e+00
-4.298879999999999924e-01
2.302720000000000045e-01
-2.503800000000000026e+00
2.441119999999999957e-01
2.638619999999999965e+00
1.491909999999999903e-01
9.395750000000000490e-01
2.192870000000000097e+00
-3.891160000000000174e+00
2.613969999999999905e-01
-6.953240000000000531e-01
5.931610000000000493e-01
6.023819999999999730e-01
-2.212050000000000072e+00
-2.382289999999999797e+00
-8.525939999999999908e-02
-5.627710000000000434e+00
-7.212079999999999602e-01
6.575649999999999551e-01
-3.025389999999999802e+00
-3.549869999999999859e+00
1.936399999999999899e+00
1.135809999999999986e+00
-1.612129999999999952e-01
2.274649999999999839e+00
-1.467479999999999896e+00
4.989810000000000079e-02
3.556420000000000137e+00
1.355390000000000095e+00
-2.188229999999999897e+00
