0.000000000000000000e+00
0.000000000000000000e+00
0.000000000000000000e+00
0.000000000000000000e+00
0.000000000000000000e+00
0.000000000000000000e+00
0.000000000000000000e+00
0.000000000000000000e+00
0.000000000000000000e+00
0.000000000000000000e+00
0.000000000000000000e+00
0.000000000000000000e+00
0.000000000000000000e+00
0.000000000000000000e+00
0.000000000000000000e+00
0.000000000000000000e+00
0.000000000000000000e+00
0.000000000000000000e+00
0.000000000000000000e+00
0.000000000000000000e+00
0.000000000000000000e+00
0.000000000000000000e+00
0.000000000000000000e+00
0.000000000000000000e+00
0.000000000000000000e+00
0.000000000000000000e+00
0.000000000000000000e+00
0.000000000000000000e+00
0.000000000000000000e+00
0.000000000000000000e+00
0.000000000000000000e+00
0.000000000000000000e+00
0.000000000000000000e+00
0.000000000000000000e+00
0.000000000000000000e+00
0.000000000000000000e+00
0.000000000000000000e+00
0.000000000000000000e+00
0.000000000000000000e+00
0.000000000000000000e+00
0.000000000000000000e+00
0.000000000000000000e+00
0.000000000000000000e+00
0.000000000000000000e+00
0.000000000000000000e+00
0.000000000000000000e+00
0.000000000000000000e+00
0.000000000000000000e+00
0.000000000000000000e+00
0.000000000000000000e+00
0.000000000000000000e+00
0.000000000000000000e+00
0.000000000000000000e+00
0.000000000000000000e+00
0.000000000000000000e+00
0.000000000000000000e+00
0.000000000000000000e+00
0.000000000000000000e+00
0.000000000000000000e+00
0.000000000000000000e+00
0.000000000000000000e+00
0.000000000000000000e+00
0.000000000000000000e+00
0.000000000000000000e+00
0.000000000000000000e+00
0.000000000000000000e+00
0.000000000000000000e+00
0.000000000000000000e+00
0.000000000000000000e+00
0.000000000000000000e+00
0.000000000000000000e+00
0.000000000000000000e+00
0.000000000000000000e+00
0.000000000000000000e+00
0.000000000000000000e+00
0.000000000000000000e+00
0.000000000000000000e+00
0.000000000000000000e+00
0.000000000000000000e+00
0.000000000000000000e+00
0.000000000000000000e+00
0.000000000000000000e+00
0.000000000000000000e+00
0.000000000000000000e+00
0.000000000000000000e+00
0.000000000000000000e+00
0.000000000000000000e+00
0.000000000000000000e+00
0.000000000000000000e+00
0.000000000000000000e+00
0.000000000000000000e+00
0.000000000000000000e+00
0.000000000000000000e+00
0.000000000000000000e+00
0.000000000000000000e+00
0.000000000000000000e+00
0.000000000000000000e+00
0.000000000000000000e+00
0.000000000000000000e+00
0.000000000000000000e+00
0.000000000000000000e+00
0.000000000000000000e+00
0.000000000000000000e+00
0.000000000000000000e+00
0.000000000000000000e+00
0.000000000000000000e+00
0.000000000000000000e+00
0.000000000000000000e+00
0.000000000000000000e+00
0.000000000000000000e+00
0.000000000000000000e+00
0.000000000000000000e+00
0.000000000000000000e+00
0.000000000000000000e+00
0.000000000000000000e+00
0.000000000000000000e+00
0.000000000000000000e+00
0.000000000000000000e+00
0.000000000000000000e+00
0.000000000000000000e+00
0.000000000000000000e+00
0.000000000000000000e+00
0.000000000000000000e+00
0.000000000000000000e+00
0.000000000000000000e+00
0.000000000000000000e+00
0.000000000000000000e+00
0.000000000000000000e+00
0.000000000000000000e+00
0.000000000000000000e+00
0.000000000000000000e+00
0.000000000000000000e+00
0.000000000000000000e+00
0.000000000000000000e+00
0.000000000000000000e+00
0.000000000000000000e+00
0.000000000000000000e+00
0.000000000000000000e+00
0.000000000000000000e+00
0.000000000000000000e+00
0.000000000000000000e+00
0.000000000000000000e+00
0.000000000000000000e+00
0.000000000000000000e+00
0.000000000000000000e+00
0.000000000000000000e+00
0.000000000000000000e+00
0.000000000000000000e+00
0.000000000000000000e+00
0.000000000000000000e+00
0.000000000000000000e+00
0.000000000000000000e+00
0.000000000000000000e+00
0.000000000000000000e+00
0.000000000000000000e+00
0.000000000000000000e+00
0.000000000000000000e+00
0.000000000000000000e+00
0.000000000000000000e+00
0.000000000000000000e+00
0.000000000000000000e+00
0.000000000000000000e+00
0.000000000000000000e+00
0.000000000000000000e+00
0.000000000000000000e+00
0.000000000000000000e+00
0.000000000000000000e+00
0.000000000000000000e+00
0.000000000000000000e+00
0.000000000000000000e+00
0.000000000000000000e+00
0.000000000000000000e+00
0.000000000000000000e+00
0.000000000000000000e+00
0.000000000000000000e+00
0.000000000000000000e+00
0.000000000000000000e+00
0.000000000000000000e+00
0.000000000000000000e+00
0.000000000000000000e+00
4.663340991725203888e-01
5.164154744316536982e-01
6.000571590649922404e-01
5.148744821785876669e-01
4.629591442232820486e-01
4.639214452877583605e-01
4.055389146978444215e-01
6.684782060583763785e-01
5.181680419967998885e-01
7.154863402961549879e-01
6.333491100937587159e-01
7.457130989825567768e-01
4.209870399674400798e-01
1.292840163500213579e+00
4.210656886620247064e-01
5.221142496175823489e-01
4.413965356768534409e-01
5.360557113791125650e-01
4.583501712589095334e-01
6.552111730527544475e-01
5.962937501973315513e-01
4.665633222715798167e-01
6.140699268319499415e-01
5.068249817341717867e-01
5.859015103070005503e-01
5.565397011375129432e-01
3.020643088521623998e-01
6.653572755575452025e-01
4.120312233423598647e-01
3.622053915186509432e-01
7.092482268009429047e-01
1.009203603367174518e+00
8.880233888449471369e-01
1.143382112949790974e+00
8.113946165850040027e-01
8.621185474213252098e-01
5.783801276391895563e-01
4.032576891559743193e-01
6.514199272917511330e-01
8.176092268287519227e-01
4.908731465034973929e-01
6.378545557353527684e-01
6.655093272569280183e-01
7.021585446870064473e-01
5.946579985276404523e-01
7.085053459681811550e-01
6.498952074198892648e-01
8.361905625357669569e-01
9.223630800998500190e-01
6.947402262094739545e-01
5.854672562780979250e-01
5.464912255953888742e-01
4.849453934882333450e-01
5.870397227618167069e-01
7.512434045019100726e-01
6.443022077839243300e-01
1.050015620892193358e+00
1.197315935795635333e+00
8.557909678959448874e-01
4.209658695347834323e-01
1.075719686519225782e+00
5.803086179654085575e-01
4.374976724299319830e-01
6.758814960680061823e-01
6.692920994304221161e-01
5.639620521181998303e-01
9.394852996600392414e-01
4.887475489951061403e-01
4.917810265802714520e-01
4.446252319129532227e-01
4.642201897606448857e-01
4.088151455013990243e-01
8.131384772857788157e-01
7.916584467989498108e-01
5.900504200991789627e-01
5.744187137824979805e-01
5.137576439630240355e-01
6.057583296168594922e-01
7.327492709884512179e-01
6.828459545014003984e-01
5.557828296090434606e-01
4.887346085368002302e-01
5.278206059791188398e-01
7.348950237190078338e-01
7.893840893928688596e-01
8.045746130934190443e-01
4.815159620544192109e-01
5.244023907351840208e-01
6.726699167212515373e-01
3.925589099268642079e-01
5.000436134895162033e-01
5.751988691305074397e-01
4.190382186672897968e-01
8.281078841744102803e-01
7.202120282421855535e-01
7.244871408262334445e-01
9.771305236009194539e-01
5.699385040300609662e-01
5.540846339692485634e-01
5.749165746381510456e-01
4.541931462379355522e-01
5.725798123519463267e-01
6.531120379715511515e-01
3.727126311552639293e-01
4.793772873504147936e-01
9.429285507239515418e-01
6.671673288822617121e-01
6.102683381411350139e-01
6.898539379174819519e-01
2.131634886308025667e+00
5.737311002747665922e-01
1.611405437334466617e+00
5.420079780035024219e-01
6.313818481777325742e-01
5.259271616985115028e-01
6.484531728060392020e-01
6.495017655936673462e-01
7.035543164197434196e-01
7.560271335122408232e-01
6.625479256544065665e-01
5.998754020848939827e-01
4.544954468547331428e-01
4.700758794396285856e-01
5.110895263320470727e-01
5.009379033409546711e-01
3.897819223213355166e-01
5.073751134090042081e-01
4.746313171505531781e-01
3.526269914062259425e-01
3.722737940669577084e-01
6.629909236582216536e-01
5.341133422505236483e-01
3.940499396729327808e-01
5.206148891871374973e-01
4.863662693051299946e-01
4.002568878717064904e-01
4.486880830234315498e-01
5.331140483328666857e-01
6.839338027942277742e-01
6.592244352087271997e-01
5.572661978312573039e-01
6.787808362635138204e-01
4.566212658761183429e-01
6.261053231051761925e-01
5.320791018768703529e-01
3.930959067698301390e-01
5.258099628634185230e-01
7.901212213305054410e-01
6.207519659213690533e-01
9.206262712030217621e-01
5.416478237754038805e-01
5.088092647868228680e-01
5.958927828407615257e-01
4.354099473840444823e-01
3.931084849627239364e-01
7.493429372220539175e-01
5.055048280833563945e-01
5.674900101682880393e-01
6.279882912778308457e-01
5.520652795420705194e-01
5.083692627620002291e-01
7.240790142179940325e-01
4.800850920318961434e-01
7.450586187000486360e-01
8.105279030299302745e-01
7.467772916173084363e-01
7.465244741766094982e-01
6.651231806196424845e-01
5.268914754880550388e-01
6.049645269211638698e-01
5.860370512836478030e-01
7.087750501363093703e-01
6.003370460961368060e-01
4.540561624923025175e-01
5.068777390591068244e-01
4.776003316646151853e-01
4.407180453322638303e-01
6.171604959168195403e-01
5.176315318413158284e-01
1.206422070166544902e+00
