3.258220000000000116e+00
7.544959999999999667e+00
1.116319999999999979e+00
3.442950000000000177e+00
4.910890000000000200e+00
2.390849999999999920e+00
5.616509999999999891e+00
7.368850000000000122e+00
7.898710000000000342e+00
4.234639999999999738e+00
5.331050000000000288e+00
5.426709999999999923e+00
-1.467019999999999991e+00
5.802839999999999776e+00
6.945859999999999701e+00
6.833540000000000170e-01
2.790960000000000107e+00
-5.436980000000000146e-01
-1.067229999999999901e+00
4.172380000000000422e+00
1.734070000000000000e+00
6.339409999999999989e+00
2.977660000000000196e+00
2.336619999999999919e+00
-1.324440000000000062e+00
4.397990000000000066e+00
4.216350000000000264e+00
1.885780000000000012e+00
5.738150000000000084e+00
2.272060000000000191e+00
4.477470000000000283e+00
-2.016169999999999796e+00
7.941510000000000069e+00
-2.334079999999999987e-04
5.298250000000000348e+00
6.887579999999999814e+00
6.226280000000000037e+00
3.949380000000000113e+00
4.309440000000000381e+00
4.634850000000000136e+00
2.654079999999999995e+00
1.598989999999999911e+00
8.751529999999999587e-01
-1.053379999999999983e+00
7.749620000000000175e+00
8.021910000000000096e+00
6.245589999999999975e+00
3.128429999999999822e+00
1.627879999999999994e+00
6.461280000000000356e+00
5.147820000000000285e+00
3.455659999999999954e+00
-1.215249999999999941e+00
5.424299999999999677e+00
-1.168039999999999967e+00
6.473329999999999806e+00
2.836539999999999839e+00
2.914239999999999942e+00
1.555039999999999978e+00
7.367509999999999337e-02
5.342240000000000322e+00
-7.089459999999999873e+00
7.828910000000000036e-01
3.239430000000000032e+00
2.939750000000000085e+00
5.984729999999999883e+00
3.197999999999999954e+00
3.188010000000000010e-01
6.355750000000000011e-01
2.648930000000000007e+00
-1.857590000000000074e+00
-3.726940000000000253e-01
3.678930000000000256e-01
2.337779999999999969e+00
1.405950000000000033e+00
2.795009999999999994e+00
4.126360000000000028e+00
3.503309999999999924e+00
4.093939999999999912e+00
3.127699999999999925e+00
3.319719999999999782e+00
1.564389999999999947e+00
-1.007149999999999990e+00
-2.618750000000000244e-01
5.092850000000000321e+00
7.214500000000000135e+00
-1.408390000000000031e+00
2.220950000000000202e+00
4.523959999999999759e+00
3.595629999999999882e+00
9.177419999999999689e+00
9.743080000000000851e+00
4.803440000000000154e+00
1.198260000000000103e+00
7.563049999999999606e+00
7.511539999999999884e-01
7.947600000000000442e+00
4.957790000000000252e-01
-9.335430000000000117e-01
1.168829999999999991e+01
